[1, 6, 15, 20, 15, 6, 1]
[1, 7, 19, 26, 19, 7, 1]
[1, 8, 22, 29, 20, 7, 1]
[1, 9, 24, 30, 20, 7, 1]
[1, 10, 25, 30, 20, 7, 1]
[1, 11, 31, 39, 25, 8, 1]
[1, 12, 30, 34, 21, 7, 1]
[1, 13, 36, 43, 26, 8, 1]
[1, 14, 37, 43, 26, 8, 1]
[1, 15, 39, 44, 26, 8, 1]
[1, 16, 40, 44, 26, 8, 1]
[1, 17, 48, 56, 32, 9, 1]
[1, 18, 45, 48, 27, 8, 1]
[1, 19, 55, 65, 37, 10, 1]
[1, 20, 52, 57, 32, 9, 1]
[1, 21, 57, 64, 36, 10, 1]
[1, 22, 61, 69, 38, 10, 1]
[1, 23, 64, 71, 38, 10, 1]
[1, 24, 60, 62, 33, 9, 1]
[1, 25, 75, 89, 49, 12, 1]
[1, 26, 75, 87, 48, 11, 1]
[1, 27, 80, 92, 49, 12, 1]
[1, 28, 76, 83, 44, 11, 1]
[1, 29, 85, 97, 51, 12, 1]
[1, 30, 83, 90, 46, 11, 1]
