Calculating d=5 n=6
[[0 0 0 0 0]
 [0 0 0 0 1]
 [0 0 0 1 0]
 [0 0 1 0 0]
 [0 1 0 0 0]
 [1 0 0 0 0]]
minVector: 1,6,15,20,15,6,1, current fVector: 1,6,15,20,15,6,1 
Calculating d=5 n=7
[[0 0 0 0 0]
 [0 0 0 0 1]
 [0 0 0 1 0]
 [0 0 0 1 1]
 [0 0 1 0 0]
 [0 1 0 0 0]
 [1 0 0 0 0]]
minVector: 1,7,19,26,19,7,1, current fVector: 1,7,19,26,19,7,1 
Calculating d=5 n=8
[[0 0 0 0 0]
 [0 0 0 0 1]
 [0 0 0 1 0]
 [0 0 0 1 1]
 [0 0 1 0 0]
 [0 0 1 0 1]
 [0 1 0 0 0]
 [1 0 0 0 0]]
minVector: 1,8,22,29,20,7,1, current fVector: 1,8,22,29,20,7,1 
Calculating d=5 n=9
[[0 0 0 0 0]
 [0 0 0 0 1]
 [0 0 0 1 0]
 [0 0 0 1 1]
 [0 0 1 0 0]
 [0 0 1 0 1]
 [0 1 0 0 0]
 [0 1 0 0 1]
 [1 0 0 0 0]]
minVector: 1,9,24,30,20,7,1, current fVector: 1,9,24,30,20,7,1 
Calculating d=5 n=10
[[0 0 0 0 0]
 [0 0 0 0 1]
 [0 0 0 1 0]
 [0 0 0 1 1]
 [0 0 1 0 0]
 [0 0 1 0 1]
 [0 1 0 0 0]
 [0 1 0 0 1]
 [1 0 0 0 0]
 [1 0 0 0 1]]
minVector: 1,10,25,30,20,7,1, current fVector: 1,10,25,30,20,7,1 
Calculating d=5 n=11
[[0 0 0 0 0]
 [0 0 0 0 1]
 [0 0 0 1 0]
 [0 0 0 1 1]
 [0 0 1 0 0]
 [0 0 1 0 1]
 [0 0 1 1 0]
 [0 0 1 1 1]
 [0 1 0 0 0]
 [0 1 0 0 1]
 [1 0 0 0 0]]
minVector: 1,11,31,39,25,8,1, current fVector: 1,11,31,39,25,8,1 
Calculating d=5 n=12
[[0 0 0 0 0]
 [0 0 0 0 1]
 [0 0 0 1 0]
 [0 0 0 1 1]
 [0 0 1 0 0]
 [0 0 1 0 1]
 [0 1 0 0 0]
 [0 1 0 0 1]
 [1 0 0 0 0]
 [1 0 0 1 0]
 [1 0 1 0 0]
 [1 1 0 0 0]]
minVector: 1,12,30,34,21,7,1, current fVector: 1,12,30,34,21,7,1 
Calculating d=5 n=13
[[0 0 0 0 0]
 [0 0 0 0 1]
 [0 0 0 1 0]
 [0 0 0 1 1]
 [0 0 1 0 0]
 [0 0 1 0 1]
 [0 0 1 1 0]
 [0 0 1 1 1]
 [0 1 0 0 0]
 [0 1 0 0 1]
 [0 1 0 1 0]
 [0 1 0 1 1]
 [1 0 0 0 0]]
minVector: 1,13,36,43,26,8,1, current fVector: 1,13,36,43,26,8,1 
Calculating d=5 n=14
[[0 0 0 0 0]
 [0 0 0 0 1]
 [0 0 0 1 0]
 [0 0 0 1 1]
 [0 0 1 0 0]
 [0 0 1 0 1]
 [0 0 1 1 0]
 [0 0 1 1 1]
 [0 1 0 0 0]
 [0 1 0 0 1]
 [0 1 0 1 0]
 [0 1 0 1 1]
 [1 0 0 0 0]
 [1 0 0 0 1]]
minVector: 1,14,37,43,26,8,1, current fVector: 1,14,37,43,26,8,1 
Calculating d=5 n=15
[[0 0 0 0 0]
 [0 0 0 0 1]
 [0 0 0 1 0]
 [0 0 0 1 1]
 [0 0 1 0 0]
 [0 0 1 0 1]
 [0 0 1 1 0]
 [0 0 1 1 1]
 [0 1 0 0 0]
 [0 1 0 0 1]
 [0 1 0 1 0]
 [0 1 0 1 1]
 [1 0 0 0 0]
 [1 0 1 0 0]
 [1 1 0 0 0]]
minVector: 1,15,39,44,26,8,1, current fVector: 1,15,39,44,26,8,1 
Calculating d=5 n=16
[[0 0 0 0 0]
 [0 0 0 0 1]
 [0 0 0 1 0]
 [0 0 0 1 1]
 [0 0 1 0 0]
 [0 0 1 0 1]
 [0 0 1 1 0]
 [0 0 1 1 1]
 [0 1 0 0 0]
 [0 1 0 0 1]
 [0 1 0 1 0]
 [0 1 0 1 1]
 [1 0 0 0 0]
 [1 0 0 0 1]
 [1 0 0 1 0]
 [1 0 0 1 1]]
minVector: 1,16,40,44,26,8,1, current fVector: 1,16,40,44,26,8,1 
Calculating d=5 n=17
[[0 0 0 0 0]
 [0 0 0 0 1]
 [0 0 0 1 0]
 [0 0 0 1 1]
 [0 0 1 0 0]
 [0 0 1 0 1]
 [0 0 1 1 0]
 [0 0 1 1 1]
 [0 1 0 0 0]
 [0 1 0 0 1]
 [0 1 0 1 0]
 [0 1 0 1 1]
 [0 1 1 0 0]
 [0 1 1 0 1]
 [0 1 1 1 0]
 [0 1 1 1 1]
 [1 0 0 0 0]]
minVector: 1,17,48,56,32,9,1, current fVector: 1,17,48,56,32,9,1 
Calculating d=5 n=18
[[0 0 0 0 0]
 [0 0 0 0 1]
 [0 0 0 1 0]
 [0 0 0 1 1]
 [0 0 1 0 0]
 [0 0 1 0 1]
 [0 0 1 1 0]
 [0 0 1 1 1]
 [0 1 0 0 0]
 [0 1 0 0 1]
 [0 1 0 1 0]
 [0 1 0 1 1]
 [1 0 0 0 0]
 [1 0 0 0 1]
 [1 0 1 0 0]
 [1 0 1 0 1]
 [1 1 0 0 0]
 [1 1 0 0 1]]
minVector: 1,18,45,48,27,8,1, current fVector: 1,18,45,48,27,8,1 
Calculating d=5 n=19
[[0 0 0 0 0]
 [0 0 0 0 1]
 [0 0 0 1 0]
 [0 0 0 1 1]
 [0 0 1 0 0]
 [0 0 1 0 1]
 [0 0 1 1 0]
 [0 0 1 1 1]
 [0 1 0 0 0]
 [0 1 0 0 1]
 [0 1 0 1 0]
 [0 1 0 1 1]
 [0 1 1 0 0]
 [0 1 1 0 1]
 [0 1 1 1 0]
 [0 1 1 1 1]
 [1 0 0 0 0]
 [1 0 0 0 1]
 [1 0 0 1 0]]
minVector: 1,19,55,65,37,10,1, current fVector: 1,19,55,65,37,10,1 
Calculating d=5 n=20
[[0 0 0 0 0]
 [0 0 0 0 1]
 [0 0 0 1 0]
 [0 0 0 1 1]
 [0 0 1 0 0]
 [0 0 1 0 1]
 [0 0 1 1 0]
 [0 0 1 1 1]
 [0 1 0 0 0]
 [0 1 0 0 1]
 [0 1 0 1 0]
 [0 1 0 1 1]
 [0 1 1 0 0]
 [0 1 1 0 1]
 [0 1 1 1 0]
 [0 1 1 1 1]
 [1 0 0 0 0]
 [1 0 0 0 1]
 [1 0 0 1 0]
 [1 0 0 1 1]]
minVector: 1,20,52,57,32,9,1, current fVector: 1,20,52,57,32,9,1 
Calculating d=5 n=21
[[0 0 0 0 0]
 [0 0 0 0 1]
 [0 0 0 1 0]
 [0 0 0 1 1]
 [0 0 1 0 0]
 [0 0 1 0 1]
 [0 0 1 1 0]
 [0 0 1 1 1]
 [0 1 0 0 0]
 [0 1 0 0 1]
 [0 1 0 1 0]
 [0 1 0 1 1]
 [0 1 1 0 0]
 [0 1 1 0 1]
 [1 0 0 0 0]
 [1 0 0 1 0]
 [1 0 1 0 0]
 [1 0 1 1 0]
 [1 1 0 0 0]
 [1 1 0 1 0]
 [1 1 1 0 0]]
minVector: 1,21,57,64,36,10,1, current fVector: 1,21,57,64,36,10,1 
Calculating d=5 n=22
[[0 0 0 0 0]
 [0 0 0 0 1]
 [0 0 0 1 0]
 [0 0 0 1 1]
 [0 0 1 0 0]
 [0 0 1 0 1]
 [0 0 1 1 0]
 [0 0 1 1 1]
 [0 1 0 0 0]
 [0 1 0 0 1]
 [0 1 0 1 0]
 [0 1 0 1 1]
 [0 1 1 0 0]
 [0 1 1 0 1]
 [0 1 1 1 0]
 [0 1 1 1 1]
 [1 0 0 0 0]
 [1 0 0 0 1]
 [1 0 0 1 0]
 [1 0 0 1 1]
 [1 0 1 0 0]
 [1 0 1 0 1]]
minVector: 1,22,61,69,38,10,1, current fVector: 1,22,61,69,38,10,1 
Calculating d=5 n=23
[[0 0 0 0 0]
 [0 0 0 0 1]
 [0 0 0 1 0]
 [0 0 0 1 1]
 [0 0 1 0 0]
 [0 0 1 0 1]
 [0 0 1 1 0]
 [0 0 1 1 1]
 [0 1 0 0 0]
 [0 1 0 0 1]
 [0 1 0 1 0]
 [0 1 0 1 1]
 [0 1 1 0 0]
 [0 1 1 0 1]
 [0 1 1 1 0]
 [0 1 1 1 1]
 [1 0 0 0 0]
 [1 0 0 0 1]
 [1 0 0 1 0]
 [1 0 0 1 1]
 [1 0 1 0 0]
 [1 0 1 0 1]
 [1 0 1 1 0]]
minVector: 1,23,64,71,38,10,1, current fVector: 1,23,64,71,38,10,1 
Calculating d=5 n=24
[[0 0 0 0 0]
 [0 0 0 0 1]
 [0 0 0 1 0]
 [0 0 0 1 1]
 [0 0 1 0 0]
 [0 0 1 0 1]
 [0 0 1 1 0]
 [0 0 1 1 1]
 [0 1 0 0 0]
 [0 1 0 0 1]
 [0 1 0 1 0]
 [0 1 0 1 1]
 [0 1 1 0 0]
 [0 1 1 0 1]
 [0 1 1 1 0]
 [0 1 1 1 1]
 [1 0 0 0 0]
 [1 0 0 0 1]
 [1 0 0 1 0]
 [1 0 0 1 1]
 [1 0 1 0 0]
 [1 0 1 0 1]
 [1 0 1 1 0]
 [1 0 1 1 1]]
minVector: 1,24,60,62,33,9,1, current fVector: 1,24,60,62,33,9,1 
Calculating d=5 n=25
[[0 0 0 0 0]
 [0 0 0 0 1]
 [0 0 0 1 0]
 [0 0 0 1 1]
 [0 0 1 0 0]
 [0 0 1 0 1]
 [0 0 1 1 0]
 [0 0 1 1 1]
 [0 1 0 0 0]
 [0 1 0 0 1]
 [0 1 0 1 0]
 [0 1 0 1 1]
 [0 1 1 0 0]
 [0 1 1 0 1]
 [0 1 1 1 0]
 [0 1 1 1 1]
 [1 0 0 0 0]
 [1 0 0 0 1]
 [1 0 0 1 0]
 [1 0 0 1 1]
 [1 0 1 0 0]
 [1 0 1 0 1]
 [1 1 0 0 0]
 [1 1 0 1 0]
 [1 1 1 0 0]]
minVector: 1,25,75,89,49,12,1, current fVector: 1,25,75,89,49,12,1 
Calculating d=5 n=26
d=5 n=26
The global minimum set of face number is:
[]
The face number set with minimum on each column:
[]
The global minimum set equals to the array with min on every column: True
Calculating d=5 n=27
[[0 0 0 0 0]
 [0 0 0 0 1]
 [0 0 0 1 0]
 [0 0 0 1 1]
 [0 0 1 0 0]
 [0 0 1 0 1]
 [0 0 1 1 0]
 [0 0 1 1 1]
 [0 1 0 0 0]
 [0 1 0 0 1]
 [0 1 0 1 0]
 [0 1 0 1 1]
 [0 1 1 0 0]
 [0 1 1 0 1]
 [0 1 1 1 0]
 [0 1 1 1 1]
 [1 0 0 0 0]
 [1 0 0 0 1]
 [1 0 0 1 0]
 [1 0 0 1 1]
 [1 0 1 0 0]
 [1 0 1 0 1]
 [1 0 1 1 0]
 [1 1 0 0 1]
 [1 1 0 1 1]
 [1 1 1 0 1]
 [1 1 1 1 1]]
minVector: 1,27,80,92,49,12,1, current fVector: 1,27,80,92,49,12,1 
Calculating d=5 n=28
[[0 0 0 0 0]
 [0 0 0 0 1]
 [0 0 0 1 0]
 [0 0 0 1 1]
 [0 0 1 0 0]
 [0 0 1 0 1]
 [0 0 1 1 0]
 [0 0 1 1 1]
 [0 1 0 0 0]
 [0 1 0 0 1]
 [0 1 0 1 0]
 [0 1 0 1 1]
 [0 1 1 0 0]
 [0 1 1 0 1]
 [0 1 1 1 0]
 [0 1 1 1 1]
 [1 0 0 0 0]
 [1 0 0 0 1]
 [1 0 0 1 0]
 [1 0 0 1 1]
 [1 0 1 0 0]
 [1 0 1 0 1]
 [1 0 1 1 0]
 [1 0 1 1 1]
 [1 1 0 0 0]
 [1 1 0 0 1]
 [1 1 0 1 0]
 [1 1 0 1 1]]
minVector: 1,28,76,83,44,11,1, current fVector: 1,28,76,83,44,11,1 
Calculating d=5 n=29
[[0 0 0 0 0]
 [0 0 0 0 1]
 [0 0 0 1 0]
 [0 0 0 1 1]
 [0 0 1 0 0]
 [0 0 1 0 1]
 [0 0 1 1 0]
 [0 0 1 1 1]
 [0 1 0 0 0]
 [0 1 0 0 1]
 [0 1 0 1 0]
 [0 1 0 1 1]
 [0 1 1 0 0]
 [0 1 1 0 1]
 [0 1 1 1 0]
 [0 1 1 1 1]
 [1 0 0 0 0]
 [1 0 0 0 1]
 [1 0 0 1 0]
 [1 0 0 1 1]
 [1 0 1 0 0]
 [1 0 1 0 1]
 [1 0 1 1 0]
 [1 0 1 1 1]
 [1 1 0 0 0]
 [1 1 0 0 1]
 [1 1 0 1 0]
 [1 1 0 1 1]
 [1 1 1 0 0]]
minVector: 1,29,85,97,51,12,1, current fVector: 1,29,85,97,51,12,1 
Calculating d=5 n=30
[[0 0 0 0 0]
 [0 0 0 0 1]
 [0 0 0 1 0]
 [0 0 0 1 1]
 [0 0 1 0 0]
 [0 0 1 0 1]
 [0 0 1 1 0]
 [0 0 1 1 1]
 [0 1 0 0 0]
 [0 1 0 0 1]
 [0 1 0 1 0]
 [0 1 0 1 1]
 [0 1 1 0 0]
 [0 1 1 0 1]
 [0 1 1 1 0]
 [0 1 1 1 1]
 [1 0 0 0 0]
 [1 0 0 0 1]
 [1 0 0 1 0]
 [1 0 0 1 1]
 [1 0 1 0 0]
 [1 0 1 0 1]
 [1 0 1 1 0]
 [1 0 1 1 1]
 [1 1 0 0 0]
 [1 1 0 0 1]
 [1 1 0 1 0]
 [1 1 0 1 1]
 [1 1 1 0 0]
 [1 1 1 0 1]]
minVector: 1,30,83,90,46,11,1, current fVector: 1,30,83,90,46,11,1 
